%YAML:1.0
max_odm: 0.00001
max_imu: 0.1
r_wheel: 0.035
hz_wheel: 940
b: 0.224

